      0/32     12.9G   0.09851   0.02322         0    0.1217         9       768   0.02074   0.08077  0.005656 0.0008427   0.09034   0.01754         0
      1/32     14.3G   0.08437   0.02212         0    0.1065        16       768   0.05465   0.03462   0.00897  0.001574   0.08125   0.01555         0
      2/32     14.3G   0.07228   0.02164         0   0.09392         5       768    0.1183       0.2   0.06803   0.02044   0.06572    0.0146         0
      3/32     14.3G   0.06322    0.0207         0   0.08392         7       768    0.5274    0.3962    0.3729    0.1228   0.05771    0.0133         0
      4/32     14.3G   0.05739   0.01902         0    0.0764         7       768    0.6012    0.3885    0.4191    0.1755   0.05886   0.01204         0
      5/32     14.3G   0.05648   0.01877         0   0.07526        10       768    0.4475    0.4769    0.4693     0.175   0.04995   0.01159         0
      6/32     14.3G   0.05375   0.01694         0   0.07069        14       768    0.4927    0.7172    0.5831    0.2232   0.04353   0.01161         0
      7/32     14.3G    0.0534   0.01674         0   0.07013         8       768    0.4275    0.7192    0.5715    0.2691    0.0509   0.01041         0
      8/32     14.3G    0.0536   0.01482         0   0.06842        14       768    0.6664    0.5962    0.6968    0.3198   0.05708  0.009415         0
      9/32     14.3G    0.0544   0.01424         0   0.06864        22       768    0.6391    0.7077    0.6677    0.2904    0.0595  0.009613         0
     10/32     14.3G    0.0508    0.0144         0   0.06519        16       768    0.6544    0.7654    0.7677    0.3933   0.05237  0.009059         0
     11/32     14.3G    0.0515    0.0127         0    0.0642         7       768    0.5682    0.5415    0.5622    0.2387   0.06143  0.009177         0
     12/32     14.3G   0.04908    0.0144         0   0.06348        10       768    0.5966    0.8538    0.7565    0.4113   0.04625  0.009513         0
     13/32     14.3G   0.04559   0.01358         0   0.05917         8       768    0.7743    0.6231    0.7372    0.3627   0.05483  0.009061         0
     14/32     14.3G   0.04826   0.01305         0   0.06131         9       768    0.7528    0.8231    0.8147    0.4334    0.0477  0.009518         0
     15/32     14.3G   0.04127   0.01355         0   0.05482         7       768    0.7918    0.8339    0.8557    0.4762    0.0422  0.009579         0
     16/32     14.3G   0.03784   0.01268         0   0.05052         8       768     0.771      0.85    0.8425    0.4778   0.04097  0.009408         0
     17/32     14.3G   0.03421   0.01209         0    0.0463        14       768    0.8416    0.8385    0.8754     0.475   0.04001  0.009101         0
     18/32     14.3G    0.0345   0.01179         0   0.04629         6       768    0.8403    0.8308    0.8757    0.5179   0.03677  0.008806         0
     19/32     14.3G   0.03119   0.01181         0     0.043        21       768    0.8241     0.865    0.8776    0.5092   0.03573  0.008577         0
     20/32     14.3G   0.03092   0.01107         0   0.04198         8       768    0.8185      0.85    0.8588    0.5041   0.03485  0.008538         0
     21/32     14.3G   0.02979   0.01092         0   0.04071         8       768    0.8447    0.8192    0.8754    0.5098   0.03412  0.008478         0
     22/32     14.3G   0.02896   0.01077         0   0.03973         7       768    0.8488    0.8423    0.8851    0.5295   0.03338  0.008331         0
     23/32     14.3G   0.02798   0.01073         0   0.03872         8       768    0.8601    0.8308    0.8928    0.5456   0.03404  0.008398         0
     24/32     14.3G   0.02728   0.01048         0   0.03776         9       768    0.8253    0.8538    0.8806    0.5385   0.03238  0.008575         0
     25/32     14.3G   0.02641   0.01047         0   0.03689        22       768    0.8713    0.8075     0.889    0.5416   0.03188  0.008408         0
     26/32     14.3G     0.026  0.009891         0   0.03589        11       768    0.8378    0.8346    0.8833    0.5432   0.03139  0.008376         0
     27/32     14.3G   0.02531  0.009575         0   0.03488         7       768    0.8176    0.8808     0.892    0.5536   0.03191   0.00828         0
     28/32     14.3G   0.02456  0.009418         0   0.03398         9       768    0.8461    0.8462    0.8956    0.5521   0.03182  0.008316         0
     29/32     14.3G   0.02425  0.009473         0   0.03372         5       768    0.8421    0.8423    0.8942    0.5521   0.03148  0.008332         0
     30/32     14.3G   0.02389  0.009912         0    0.0338        11       768    0.8303      0.85    0.8945     0.547   0.03105   0.00847         0
     31/32     14.3G   0.02358  0.009638         0   0.03322        20       768    0.8262    0.8615    0.8896    0.5417   0.03071  0.008487         0
     32/32     14.3G   0.02318  0.009684         0   0.03286         7       768    0.8327    0.8614    0.8958    0.5495   0.02996  0.008504         0
